SEQ1	SEQ2	dN	dS	OMEGA	N	S	kappa	t	LENGTH
Antlo1|2029	Antlo1|1495	0.000000	0.000000	99.000000	81.256104	23.743896	4.600000	0.000000	105
Antlo1|2031	Antlo1|1496	0.000000	0.000000	99.000000	196.236072	73.763928	4.600000	0.000000	270
Antlo1|2032	Antlo1|1497	0.000000	0.000000	99.000000	609.832495	239.167505	4.600000	0.000000	849
Antlo1|105	Antlo1|1599	0.000000	0.000000	99.000000	189.104992	89.895008	4.600000	0.000000	279
Antlo1|1892	Antlo1|1071	0.000000	0.000000	99.000000	173.896487	69.103513	4.600000	0.000000	243
Antlo1|1893	Antlo1|1072	0.023946	0.036847	0.649882	636.531414	224.468586	1.431766	0.081928	930
Antlo1|43	Antlo1|31	0.015843	0.014026	1.129525	446.844527	216.155473	3.577160	0.045751	2505
Antlo1|44	Antlo1|1484	0.000000	0.000000	99.000000	147.515612	47.484388	4.600000	0.000000	195
Antlo1|45	Antlo1|1352	0.000000	0.000000	99.000000	226.406601	94.593399	4.600000	0.000000	321
Antlo1|720	Antlo1|1162	0.848201	2.197405	0.386001	496.110761	151.889239	1.534667	3.493351	843
Antlo1|1665	Antlo1|1362	0.918717	2.229278	0.412114	1200.437221	386.562779	1.832731	3.713834	1803
Antlo1|1668	Antlo1|1314	0.000000	0.000000	99.000000	323.796471	114.203529	4.600000	0.000000	438
Antlo1|1276	Antlo1|798	0.007328	0.011220	0.653129	411.417496	179.582504	1.851142	0.025533	672
Antlo1|2043	Antlo1|2501	0.000000	0.000000	99.000000	353.387240	132.612760	4.600000	0.000000	486
Antlo1|2363	Antlo1|1486	0.009830	0.006453	1.523200	819.741334	311.258666	1.952794	0.026701	1200
Antlo1|761	Antlo1|883	0.000000	0.010286	0.000010	566.223235	195.776765	4.600000	0.007928	762
Antlo1|762	Antlo1|882	0.001977	0.005054	0.391220	506.457303	198.542697	4.600000	0.008531	705
Antlo1|764	Antlo1|423	0.000000	0.000000	99.000000	448.570585	211.429415	4.600000	0.000000	756
Antlo1|763	Antlo1|881	0.000000	0.000000	99.000000	84.017125	35.982875	4.600000	0.000000	120
Antlo1|768	Antlo1|1247	0.000000	0.000000	99.000000	102.052779	41.947221	4.600000	0.000000	144
Antlo1|2171	Antlo1|1828	0.001519	0.000000	99.000000	658.879670	286.120330	4.600000	0.003178	1431
Antlo1|1113	Antlo1|1620	0.220092	0.307819	0.715005	362.316167	99.683833	0.930153	0.717061	468
Antlo1|1000	Antlo1|1481	0.000000	0.000000	99.000000	167.414714	72.585286	4.600000	0.000000	240
Antlo1|1001	Antlo1|1480	0.004702	0.000000	99.000000	213.342676	74.657324	4.600000	0.010449	288
Antlo1|1002	Antlo1|2224	0.005102	0.000000	99.000000	196.656142	70.343858	4.600000	0.011274	267
Antlo1|746	Antlo1|1289	0.000000	0.007167	0.000010	459.796258	140.203742	4.600000	0.005024	600
Antlo1|526	Antlo1|2076	0.002110	0.000000	99.000000	474.654131	134.345869	4.600000	0.004933	609
Antlo1|2330	Antlo1|2206	0.000000	0.000000	99.000000	148.847593	73.152407	4.600000	0.000000	222
Antlo1|2331	Antlo1|2207	0.000000	0.000000	99.000000	148.878201	61.121799	4.600000	0.000000	219
Antlo1|491	Antlo1|104	0.000000	0.000000	99.000000	81.403967	32.596033	4.600000	0.000000	114
Antlo1|1253	Antlo1|2541	0.758438	2.015424	0.376317	380.004158	123.995842	1.905283	3.203058	546
Antlo1|1260	Antlo1|2321	0.000000	0.000000	99.000000	86.163371	36.836629	4.600000	0.000000	123
Antlo1|1261	Antlo1|1307	0.000000	0.000000	99.000000	143.435144	63.564856	4.600000	0.000000	207
Antlo1|1264	Antlo1|706	0.271399	0.516430	0.525530	101.272506	39.727494	3.684627	1.021314	300
Antlo1|1266	Antlo1|2604	0.158685	0.346450	0.458031	285.122011	89.877989	4.435214	0.611062	420
Antlo1|1268	Antlo1|701	0.152235	0.181572	0.838429	1695.068927	551.931073	2.997361	0.478323	2409
Antlo1|1269	Antlo1|1821	0.000000	0.000000	99.000000	89.289265	33.710735	4.600000	0.000000	123
Antlo1|1270	Antlo1|1993	0.000000	0.000000	99.000000	117.096608	50.903392	4.600000	0.000000	168
Antlo1|1322	Antlo1|1952	0.000000	0.000000	99.000000	215.934199	84.065801	4.600000	0.000000	534
Antlo1|884	Antlo1|2064	0.000000	0.000000	99.000000	289.552610	109.447390	4.600000	0.000000	399
Antlo1|1753	Antlo1|1294	0.000000	0.000000	99.000000	494.860299	171.139701	4.600000	0.000000	666
Antlo1|2106	Antlo1|1417	0.000000	0.000000	99.000000	104.426784	39.573216	4.600000	0.000000	144
Antlo1|272	Antlo1|691	0.542377	3.427236	0.158255	332.489922	96.510078	1.258252	3.574110	1755
Antlo1|1810	Antlo1|588	0.000000	0.006506	0.000010	337.621541	154.378459	4.600000	0.006124	579
Antlo1|2380	Antlo1|302	0.000000	0.000000	99.000000	498.289930	188.710070	4.600000	0.000000	687
Antlo1|2381	Antlo1|303	0.000000	0.000000	99.000000	319.649557	133.350443	4.600000	0.000000	3444
Antlo1|1596	Antlo1|2447	0.000000	0.000000	99.000000	265.277369	112.722631	4.600000	0.000000	675
Antlo1|983	Antlo1|238	0.000000	0.000000	99.000000	78.075208	26.924792	4.600000	0.000000	105
Antlo1|984	Antlo1|239	0.000000	0.003391	0.000010	682.453275	295.546725	4.600000	0.003074	978
Antlo1|100	Antlo1|1331	0.000000	0.000000	99.000000	259.978059	106.021941	4.600000	0.000000	366
Antlo1|2019	Antlo1|1115	0.000000	0.000000	99.000000	260.951510	81.048490	4.600000	0.000000	993
Antlo1|2293	Antlo1|607	0.000000	0.000000	99.000000	91.799073	34.200927	4.600000	0.000000	126
Antlo1|2294	Antlo1|1450	0.000000	0.000000	99.000000	103.204061	46.795939	4.600000	0.000000	150
Antlo1|1801	Antlo1|1275	0.000000	0.005482	0.000010	413.828673	183.171327	4.600000	0.005046	597
Antlo1|579	Antlo1|2562	0.000000	0.000000	99.000000	227.891115	72.108885	4.600000	0.000000	300
Antlo1|2525	Antlo1|446	0.000000	0.000000	99.000000	122.598704	51.401296	4.600000	0.000000	174
Antlo1|2526	Antlo1|445	0.002505	0.014731	0.170033	399.897789	137.102211	4.600000	0.016879	537
Antlo1|1861	Antlo1|1815	0.000000	0.000000	99.000000	228.406383	92.593617	4.600000	0.000000	3231
Antlo1|1862	Antlo1|1816	0.000000	0.005446	0.000010	472.724490	184.275510	4.600000	0.004583	657
Antlo1|367	Antlo1|1180	0.000896	0.002187	0.409622	1117.041164	457.958836	4.600000	0.003813	1575
Antlo1|2248	Antlo1|2133	0.000000	0.000000	99.000000	141.547120	56.452880	4.600000	0.000000	198
Antlo1|1066	Antlo1|201	0.824860	1.933958	0.426514	1327.639959	451.360041	1.737225	3.318766	2124
Antlo1|1068	Antlo1|512	0.782937	2.013411	0.388861	931.726293	340.273707	3.188675	3.336307	3006
Antlo1|1591	Antlo1|803	0.000000	0.005269	0.000010	391.426811	190.573189	4.600000	0.005176	582
Antlo1|2598	Antlo1|386	0.000000	0.003825	0.000010	661.888595	262.111405	4.600000	0.003255	924
Antlo1|1160	Antlo1|1148	0.000000	0.000000	99.000000	337.364491	136.635509	4.600000	0.000000	474
Antlo1|1170	Antlo1|944	0.000000	0.000000	99.000000	427.791762	157.208238	4.600000	0.000000	585
Antlo1|1171	Antlo1|1991	0.000000	0.000000	99.000000	368.777784	129.222216	4.600000	0.000000	498
Antlo1|1172	Antlo1|2409	0.000000	0.000000	99.000000	84.800237	29.199763	4.600000	0.000000	114
Antlo1|25	Antlo1|2278	0.000000	0.000000	99.000000	100.851133	40.148867	4.600000	0.000000	672
Antlo1|2154	Antlo1|725	0.000000	0.000000	99.000000	349.154602	139.845398	4.600000	0.000000	489
Antlo1|295	Antlo1|2173	0.000000	0.000000	99.000000	91.977527	43.022473	4.600000	0.000000	135
Antlo1|190	Antlo1|1243	0.000000	0.000000	99.000000	116.506716	51.493284	4.600000	0.000000	168
Antlo1|486	Antlo1|2554	0.002062	0.004908	0.420157	485.589325	204.410675	4.600000	0.008716	690
Antlo1|1702	Antlo1|451	0.000000	0.000000	99.000000	342.259441	131.740559	4.600000	0.000000	474
Antlo1|1703	Antlo1|1335	0.000000	0.000000	99.000000	178.047252	73.952748	4.600000	0.000000	252
Antlo1|1634	Antlo1|721	0.000000	0.000000	99.000000	241.952730	97.047270	4.600000	0.000000	339
Antlo1|1635	Antlo1|817	0.000000	0.000000	99.000000	277.842469	115.157531	4.600000	0.000000	393
Antlo1|769	Antlo1|1570	0.697723	3.164813	0.220463	1154.906810	369.093190	1.546891	3.885662	2385
Antlo1|773	Antlo1|1510	1.065481	1.832084	0.581568	1283.849375	462.150625	2.424717	3.805181	1902
Antlo1|778	Antlo1|2265	0.260083	0.328928	0.790698	1270.442706	478.557294	4.430489	0.836760	1767
Antlo1|1523	Antlo1|1612	0.001752	0.000000	99.000000	571.519035	241.480965	4.600000	0.003694	813
Antlo1|703	Antlo1|531	0.000000	0.000000	99.000000	239.708762	90.291238	4.600000	0.000000	330
Antlo1|2290	Antlo1|1353	0.333614	0.345350	0.966017	505.379703	205.620297	2.763864	1.011024	1071
Antlo1|2147	Antlo1|569	0.001073	0.000000	99.000000	932.249817	333.750183	4.600000	0.002371	1266
Antlo1|279	Antlo1|1374	0.000000	0.000000	99.000000	653.430062	225.569938	4.600000	0.000000	879
Antlo1|1992	Antlo1|184	0.002016	0.000000	99.000000	496.764743	217.235257	4.600000	0.004207	1488
Antlo1|1745	Antlo1|1983	0.000000	0.000000	99.000000	92.747382	33.252618	4.600000	0.000000	159
Antlo1|1746	Antlo1|549	0.021714	0.037780	0.574745	140.717510	54.282490	4.600000	0.078559	195
Antlo1|493	Antlo1|2058	0.000000	0.000000	99.000000	432.020284	176.979716	4.600000	0.000000	1167
Antlo1|286	Antlo1|2546	0.000000	0.000000	99.000000	70.794125	31.205875	4.600000	0.000000	102
Antlo1|316	Antlo1|2397	0.000000	0.000000	99.000000	128.138450	39.861550	4.600000	0.000000	168
Antlo1|928	Antlo1|1988	0.000000	0.000000	99.000000	162.823456	50.176544	4.600000	0.000000	213
Antlo1|1284	Antlo1|242	0.000000	0.000000	99.000000	320.400160	126.599840	4.600000	0.000000	447
Antlo1|107	Antlo1|1647	0.000000	0.009416	0.000010	235.128450	106.871550	4.600000	0.008827	342
Antlo1|108	Antlo1|659	0.011823	0.017371	0.680646	1819.231217	739.768783	2.784052	0.040281	2697
Antlo1|109	Antlo1|1453	0.000000	0.000000	99.000000	179.252856	87.747144	4.600000	0.000000	267
Antlo1|1518	Antlo1|2239	0.000000	0.009311	0.000010	287.933773	108.066227	4.600000	0.007623	396
Antlo1|1519	Antlo1|868	0.000000	0.000000	99.000000	230.512390	72.487610	4.600000	0.000000	303
Antlo1|1701	Antlo1|1422	0.000000	0.000000	99.000000	192.835197	74.164803	4.600000	0.000000	267
Antlo1|1502	Antlo1|1729	0.002010	0.000000	99.000000	498.220343	224.779657	4.600000	0.004155	723
Antlo1|1503	Antlo1|1730	0.000000	0.005151	0.000010	480.198081	194.801919	4.600000	0.004460	675
Antlo1|1508	Antlo1|2001	0.799294	3.522846	0.226889	1547.897728	474.102272	1.480076	4.313672	2295
Antlo1|1447	Antlo1|1024	0.553648	3.800133	0.145692	564.327177	158.672823	1.366742	3.798408	978
Antlo1|103	Antlo1|407	0.000000	0.000000	99.000000	618.744239	230.255761	4.600000	0.000000	1224
Antlo1|2193	Antlo1|1179	0.000000	0.000000	99.000000	150.841195	59.158805	4.600000	0.000000	1236
Antlo1|1908	Antlo1|1609	0.000000	0.000000	99.000000	323.067301	126.932699	4.600000	0.000000	450
Antlo1|1915	Antlo1|365	0.000000	0.000000	99.000000	184.444584	64.555416	4.600000	0.000000	249
Antlo1|1916	Antlo1|366	0.000000	0.000000	99.000000	80.368341	27.631659	4.600000	0.000000	108
Antlo1|1917	Antlo1|1194	0.000000	0.010083	0.000010	233.156650	99.843350	4.600000	0.009070	333
Antlo1|1582	Antlo1|1972	0.000000	0.000000	99.000000	265.699653	94.300347	4.600000	0.000000	951
Antlo1|1321	Antlo1|470	0.000000	0.005008	0.000010	943.333242	400.666758	4.600000	0.004479	1344
Antlo1|1320	Antlo1|469	0.000000	0.000000	99.000000	205.984924	73.015076	4.600000	0.000000	279
Antlo1|2398	Antlo1|1209	0.787044	3.684995	0.213581	545.133430	177.866570	1.897284	4.499923	1824
Antlo1|1670	Antlo1|226	0.000000	0.000000	99.000000	221.989550	93.010450	4.600000	0.000000	582
Antlo1|2532	Antlo1|2377	0.032036	0.021386	1.497943	1382.527085	555.472915	3.275977	0.086950	1938
Antlo1|518	Antlo1|2063	0.000000	0.000000	99.000000	474.459592	176.540408	4.600000	0.000000	777
Antlo1|1846	Antlo1|711	0.000000	0.000000	99.000000	185.476512	81.523488	4.600000	0.000000	585
Antlo1|704	Antlo1|1487	0.008606	0.000000	99.000000	116.957310	51.042690	4.600000	0.017973	168
Antlo1|429	Antlo1|390	0.000000	0.000000	99.000000	85.938770	28.061230	4.600000	0.000000	114
Antlo1|430	Antlo1|543	0.000000	0.000000	99.000000	255.095316	89.904684	4.600000	0.000000	345
Antlo1|1579	Antlo1|966	0.000000	0.000000	99.000000	569.494294	228.505706	4.600000	0.000000	798
Antlo1|1580	Antlo1|967	0.000000	0.000000	99.000000	397.549986	154.450014	4.600000	0.000000	552
Antlo1|27	Antlo1|1212	0.000000	0.000000	99.000000	429.881936	155.118064	4.600000	0.000000	585
Antlo1|879	Antlo1|788	0.045038	0.035348	1.274132	280.335236	79.664764	0.880101	0.128681	360
Antlo1|880	Antlo1|1338	0.000000	0.000000	99.000000	109.967541	37.032459	4.600000	0.000000	147
Antlo1|2484	Antlo1|1109	0.000000	0.000000	99.000000	101.893638	42.106362	4.600000	0.000000	144
Antlo1|2485	Antlo1|1108	0.000000	0.000000	99.000000	78.133593	26.866407	4.600000	0.000000	105
Antlo1|2487	Antlo1|1084	0.000000	0.012428	0.000010	257.870880	81.129120	4.600000	0.008923	339
Antlo1|652	Antlo1|593	0.670198	1.808008	0.370683	494.106255	144.893745	1.470729	2.784592	1158
Antlo1|821	Antlo1|2051	0.000000	0.000000	99.000000	490.477909	193.522091	4.600000	0.000000	873
Antlo1|1812	Antlo1|1019	0.000000	0.000000	99.000000	394.545479	169.454521	4.600000	0.000000	564
Antlo1|1572	Antlo1|69	0.660527	1.267757	0.521020	437.234177	159.765823	1.846250	2.469092	1458
Antlo1|980	Antlo1|2527	0.000000	0.000000	99.000000	483.259758	188.740242	4.600000	0.000000	672
Antlo1|287	Antlo1|2382	0.006208	0.019832	0.313017	323.520981	153.479019	4.600000	0.031775	927
Antlo1|288	Antlo1|314	0.000000	0.024240	0.000010	107.974892	42.025108	4.600000	0.020374	150
Antlo1|289	Antlo1|313	0.000000	0.000000	99.000000	102.245103	47.754897	4.600000	0.000000	150
Antlo1|1856	Antlo1|1537	0.000000	0.013481	0.000010	204.150245	74.849755	4.600000	0.010850	279
Antlo1|946	Antlo1|2524	0.004378	0.005657	0.773966	458.391526	177.608474	4.600000	0.014207	636
Antlo1|945	Antlo1|793	0.004561	0.000000	99.000000	220.103139	82.896861	4.600000	0.009940	303
Antlo1|1598	Antlo1|760	0.002175	0.005721	0.380222	460.368684	175.631316	4.600000	0.009464	636
Antlo1|1597	Antlo1|759	0.000000	0.000000	99.000000	220.190278	82.809722	4.600000	0.000000	303
Antlo1|528	Antlo1|1939	0.000000	0.000000	99.000000	115.793799	25.206201	4.600000	0.000000	141
Antlo1|1527	Antlo1|2195	0.000000	0.000000	99.000000	305.095801	135.904199	4.600000	0.000000	771
Antlo1|1528	Antlo1|604	0.000000	0.000000	99.000000	195.600273	86.399727	4.600000	0.000000	1170
Antlo1|657	Antlo1|1198	0.000000	0.000000	99.000000	110.819111	39.180889	4.600000	0.000000	150
Antlo1|624	Antlo1|974	0.000000	0.003802	0.000010	675.315947	263.684053	4.600000	0.003203	939
Antlo1|1643	Antlo1|998	0.000000	0.000000	99.000000	267.039728	89.960272	4.600000	0.000000	357
Antlo1|1650	Antlo1|1633	0.000000	0.004341	0.000010	566.957255	231.042745	4.600000	0.003770	798
Antlo1|1656	Antlo1|2113	0.000000	0.000000	99.000000	451.319941	166.680059	4.600000	0.000000	618
Antlo1|1657	Antlo1|932	0.002088	0.000000	99.000000	479.645251	207.354749	4.600000	0.004374	687
Antlo1|1881	Antlo1|964	0.001713	0.000000	99.000000	584.638816	207.361184	4.600000	0.003794	1191
Antlo1|1549	Antlo1|1319	0.000000	0.000000	99.000000	269.690083	117.309917	4.600000	0.000000	387
Antlo1|479	Antlo1|328	0.000000	0.000000	99.000000	117.201000	50.799000	4.600000	0.000000	168
Antlo1|806	Antlo1|1419	1.048824	2.522642	0.415764	1182.205793	356.794207	1.771887	4.171520	1836
Antlo1|1860	Antlo1|1349	0.000000	0.000000	99.000000	436.345262	196.654738	4.600000	0.000000	2520
Antlo1|2291	Antlo1|437	0.000000	0.015016	0.000010	533.206691	201.793309	4.600000	0.012368	735
Antlo1|1683	Antlo1|1759	0.002398	0.000000	99.000000	417.612297	173.387703	4.600000	0.005084	591
Antlo1|2238	Antlo1|2158	0.000000	0.005213	0.000010	488.505602	192.494398	4.600000	0.004421	681
Antlo1|2134	Antlo1|1177	0.000000	0.000000	99.000000	71.835836	33.164164	4.600000	0.000000	105
Antlo1|2135	Antlo1|1176	0.000000	0.003593	0.000010	707.913603	279.086397	4.600000	0.003048	987
Antlo1|2136	Antlo1|1726	0.000000	0.000000	99.000000	70.325465	31.674535	4.600000	0.000000	102
Antlo1|1246	Antlo1|767	0.000000	0.006578	0.000010	333.303125	152.696875	4.600000	0.006200	1221
Antlo1|1053	Antlo1|2388	0.000000	0.000000	99.000000	229.963461	91.036539	4.600000	0.000000	321
Antlo1|693	Antlo1|458	0.000000	0.019812	0.000010	116.855469	51.144531	4.600000	0.018094	168
Antlo1|694	Antlo1|2565	0.138324	0.305429	0.452884	1602.990448	488.009552	2.349735	0.531971	2652
Antlo1|695	Antlo1|1548	0.112339	0.093350	1.203417	115.682285	34.317715	2.670159	0.323985	222
Antlo1|696	Antlo1|2228	0.000000	0.022214	0.000010	116.313675	45.686325	4.600000	0.018794	162
Antlo1|697	Antlo1|551	0.012818	0.039177	0.327172	551.617853	183.382147	4.192306	0.058183	2145
Antlo1|822	Antlo1|1048	0.000000	0.000000	99.000000	433.978767	145.021233	4.600000	0.000000	861
Antlo1|1638	Antlo1|2199	0.000000	0.012718	0.000010	462.404525	158.595475	4.600000	0.009744	621
Antlo1|23	Antlo1|1802	0.000000	0.000000	99.000000	320.987727	111.012273	4.600000	0.000000	432
Antlo1|2536	Antlo1|900	0.003648	0.000000	99.000000	274.786646	115.213354	4.600000	0.007711	1878
Antlo1|174	Antlo1|2033	0.083554	0.094312	0.885937	1458.670619	548.329381	2.254530	0.259480	2145
Antlo1|176	Antlo1|2529	0.039471	0.017074	2.311774	156.659232	59.340768	6.790421	0.099953	342
Antlo1|2201	Antlo1|2104	0.007078	0.007818	0.905274	426.427277	128.572723	4.600000	0.021748	1080
Antlo1|2599	Antlo1|2549	0.000000	0.000000	99.000000	216.187602	98.812398	4.600000	0.000000	729
Antlo1|173	Antlo1|2486	0.000000	0.007780	0.000010	401.790746	129.209254	4.600000	0.005679	1716
Antlo1|2067	Antlo1|225	0.000000	0.000000	99.000000	108.244378	38.755622	4.600000	0.000000	2412
Antlo1|889	Antlo1|1218	0.714482	1.216070	0.587534	411.780004	143.219996	2.147644	2.531756	642
Antlo1|1781	Antlo1|514	0.463621	1.186327	0.390804	620.757784	258.242216	2.556771	2.027837	1437
Antlo1|2315	Antlo1|1632	0.000000	0.000000	99.000000	288.310782	119.689218	4.600000	0.000000	2625
Antlo1|1754	Antlo1|476	0.000000	0.000000	99.000000	102.690224	35.309776	4.600000	0.000000	138
Antlo1|1661	Antlo1|1563	0.000000	0.000000	99.000000	117.450913	41.549087	4.600000	0.000000	159
Antlo1|1716	Antlo1|2014	0.000000	0.000000	99.000000	555.393455	179.606545	4.600000	0.000000	1938
Antlo1|2383	Antlo1|1543	0.006563	0.016866	0.389109	153.041040	59.958960	4.600000	0.028390	213
Antlo1|2255	Antlo1|2370	0.000000	0.008520	0.000010	316.959407	118.040593	4.600000	0.006936	435
Antlo1|177	Antlo1|1809	0.002334	0.010181	0.229253	429.212922	197.787078	4.600000	0.014428	627
Antlo1|1011	Antlo1|202	0.000000	0.004594	0.000010	540.592004	218.407996	4.600000	0.003966	1251
Antlo1|2103	Antlo1|1175	0.051925	0.117373	0.442393	491.724199	132.275801	0.995056	0.197395	2958
Antlo1|1542	Antlo1|2376	0.017317	0.019843	0.872697	116.831494	51.168506	4.600000	0.054259	168
Antlo1|487	Antlo1|2161	0.000000	0.000000	99.000000	301.229708	121.770292	4.600000	0.000000	423
Antlo1|2041	Antlo1|1522	0.000000	0.000000	99.000000	246.031162	77.968838	4.600000	0.000000	324
Antlo1|1874	Antlo1|520	0.000000	0.000000	99.000000	230.782555	81.217445	4.600000	0.000000	351
Antlo1|1875	Antlo1|521	0.000000	0.000000	99.000000	143.662399	60.337601	4.600000	0.000000	627
Antlo1|94	Antlo1|377	0.000000	0.013442	0.000010	599.533085	225.466915	2.098985	0.011020	1059
Antlo1|1151	Antlo1|2425	0.000000	0.000000	99.000000	236.256588	93.743412	4.600000	0.000000	732
Antlo1|1152	Antlo1|1561	0.000000	0.000000	99.000000	282.583155	116.416845	4.600000	0.000000	444
Antlo1|1718	Antlo1|627	0.002752	0.000000	99.000000	364.070919	136.929081	4.600000	0.005999	501
Antlo1|1719	Antlo1|1721	0.000000	0.000000	99.000000	366.374249	140.625751	4.600000	0.000000	507
Antlo1|662	Antlo1|1984	0.080212	0.085400	0.939243	533.870752	222.129248	6.828005	0.245209	834
Antlo1|661	Antlo1|339	0.000000	0.000000	99.000000	113.228253	45.771747	4.600000	0.000000	159
Antlo1|1105	Antlo1|1911	0.343064	0.593845	0.577700	557.422350	171.577650	0.856853	1.206263	1506
Antlo1|1106	Antlo1|1723	0.003622	0.011104	0.326233	553.542623	181.457377	4.600000	0.016408	1071
Antlo1|1107	Antlo1|1674	0.003733	0.008831	0.422685	537.186432	227.813568	1.992628	0.015753	765
Antlo1|667	Antlo1|1139	0.005706	0.014409	0.395982	175.930261	70.069739	4.600000	0.024554	246
Antlo1|668	Antlo1|545	0.000000	0.000000	99.000000	136.286715	49.713285	4.600000	0.000000	186
Antlo1|2139	Antlo1|77	0.008236	0.000000	99.000000	122.084904	30.915096	4.600000	0.019716	153
Antlo1|2140	Antlo1|76	0.016565	0.000000	99.000000	122.239532	30.760468	4.600000	0.039705	153
Antlo1|2143	Antlo1|1491	0.003181	0.015049	0.211394	315.488893	134.511107	4.600000	0.020186	450
Antlo1|2142	Antlo1|193	0.000000	0.000000	99.000000	183.280238	74.719762	4.600000	0.000000	258
Antlo1|698	Antlo1|675	0.000000	0.000000	99.000000	380.240580	150.759420	4.600000	0.000000	531
Antlo1|780	Antlo1|2117	0.012103	0.031824	0.380314	1207.969340	469.030660	3.489477	0.052856	2352
Antlo1|40	Antlo1|1326	0.034408	0.040947	0.840304	625.196248	151.803752	1.436478	0.107056	1062
Antlo1|42	Antlo1|1029	0.004590	0.000000	99.000000	218.523215	93.476785	4.600000	0.009645	312
Antlo1|41	Antlo1|1028	0.011619	0.000000	99.000000	86.732816	39.267184	4.600000	0.023994	126
Antlo1|380	Antlo1|789	0.020521	0.042473	0.483163	469.481716	109.518284	1.548236	0.074020	741
Antlo1|293	Antlo1|1637	0.000000	0.000000	99.000000	212.524998	81.475002	4.600000	0.000000	294
Antlo1|294	Antlo1|1191	0.000000	0.000000	99.000000	112.970174	52.029826	4.600000	0.000000	165
Antlo1|1271	Antlo1|1153	0.000000	0.000000	99.000000	92.392372	36.607628	4.600000	0.000000	129
Antlo1|1272	Antlo1|1466	0.000000	0.011663	0.000010	222.592721	86.407279	4.600000	0.009784	309
Antlo1|457	Antlo1|2124	0.000000	0.000000	99.000000	262.823304	97.176696	4.600000	0.000000	360
Antlo1|456	Antlo1|2123	0.000000	0.000000	99.000000	149.016080	63.983920	4.600000	0.000000	213
Antlo1|2323	Antlo1|1594	0.000000	0.000000	99.000000	315.321553	128.678447	4.600000	0.000000	444
Antlo1|2263	Antlo1|317	0.000000	0.000000	99.000000	114.630681	41.369319	4.600000	0.000000	156
Antlo1|2264	Antlo1|1896	0.000000	0.000000	99.000000	123.401733	47.598267	4.600000	0.000000	171
Antlo1|2266	Antlo1|2369	0.000000	0.019690	0.000010	116.448956	51.551044	4.600000	0.018126	168
Antlo1|1475	Antlo1|1622	0.861747	4.184642	0.205931	892.207701	268.792299	1.487934	4.893169	1590
Antlo1|1476	Antlo1|2514	0.000000	0.000000	99.000000	154.979550	61.020450	4.600000	0.000000	216
Antlo1|480	Antlo1|2017	0.807959	3.976724	0.203172	816.202153	200.797847	0.922853	4.300813	1572
Antlo1|1613	Antlo1|807	0.704223	3.993947	0.176323	724.537630	205.462370	1.354268	4.293038	1971
Antlo1|692	Antlo1|2198	0.004508	0.000000	99.000000	222.472567	92.527433	4.600000	0.009552	918
Antlo1|2116	Antlo1|2083	0.000000	0.000000	99.000000	83.830299	42.169701	4.600000	0.000000	126
Antlo1|1587	Antlo1|1595	0.000000	0.000000	99.000000	80.646076	33.353924	4.600000	0.000000	114
Antlo1|1589	Antlo1|321	0.000000	0.000000	99.000000	279.383490	122.616510	4.600000	0.000000	402
Antlo1|1590	Antlo1|320	0.000000	0.000000	99.000000	143.077411	54.922589	4.600000	0.000000	363
Antlo1|2495	Antlo1|1997	0.000000	0.000000	99.000000	371.225691	132.774309	4.600000	0.000000	504
Antlo1|341	Antlo1|850	0.792174	1.754598	0.451485	635.709660	216.290340	2.355591	3.109491	918
Antlo1|342	Antlo1|1365	0.000000	0.000000	99.000000	265.927577	103.072423	4.600000	0.000000	369
Antlo1|2184	Antlo1|1604	0.889850	4.031606	0.220718	716.957522	216.042478	0.908650	4.852034	1191
Antlo1|699	Antlo1|204	0.007242	0.000000	99.000000	694.573460	295.426540	5.748123	0.015243	990
Antlo1|702	Antlo1|960	0.000000	0.000000	99.000000	135.490932	47.509068	4.600000	0.000000	183
Antlo1|1187	Antlo1|1220	0.888714	1.581602	0.561907	325.260239	112.739761	2.333539	3.201182	498
Antlo1|37	Antlo1|376	0.620290	3.973836	0.156094	1062.973917	200.026083	1.686856	3.454211	1458
Antlo1|2601	Antlo1|1919	0.226440	0.254672	0.889143	160.778471	58.221529	4.031889	0.701835	402
Antlo1|1142	Antlo1|1203	0.000000	0.000000	99.000000	235.872322	61.127678	4.600000	0.000000	297
Antlo1|1525	Antlo1|2460	0.000000	0.000000	99.000000	114.996630	26.003370	4.600000	0.000000	141
Antlo1|1526	Antlo1|2461	0.000000	0.000000	99.000000	176.577857	69.422143	4.600000	0.000000	246
Antlo1|2417	Antlo1|2082	0.000000	0.000000	99.000000	94.544705	40.455295	4.600000	0.000000	135
Antlo1|2420	Antlo1|1494	0.000000	0.000000	99.000000	270.155252	71.844748	4.600000	0.000000	489
Antlo1|194	Antlo1|278	0.000000	0.009972	0.000010	246.370990	101.629010	4.600000	0.008737	348
Antlo1|1490	Antlo1|277	0.000000	0.000000	99.000000	183.003639	74.996361	4.600000	0.000000	258
Antlo1|1946	Antlo1|218	1.022152	3.880461	0.263410	576.389339	176.610661	1.575390	5.077643	1062
Antlo1|2150	Antlo1|2600	0.000000	0.000000	99.000000	110.126592	57.873408	4.600000	0.000000	513
Antlo1|1274	Antlo1|1547	0.000000	0.000000	99.000000	99.032109	35.967891	4.600000	0.000000	135
Antlo1|266	Antlo1|251	0.034389	0.045094	0.762612	223.244506	103.755494	3.119484	0.113358	726
Antlo1|2277	Antlo1|466	0.000000	0.000000	99.000000	79.274020	25.725980	4.600000	0.000000	105
Antlo1|730	Antlo1|1147	0.000000	0.007266	0.000010	383.705244	138.294756	4.600000	0.005775	522
Antlo1|592	Antlo1|1792	0.856560	1.730664	0.494931	601.286866	184.713134	1.613863	3.185933	1089
Antlo1|596	Antlo1|2119	0.000000	0.008312	0.000010	512.025421	120.974579	4.600000	0.004766	633
Antlo1|1425	Antlo1|2146	0.000000	0.000000	99.000000	602.540416	246.459584	4.600000	0.000000	1023
Antlo1|1426	Antlo1|940	0.000000	0.000000	99.000000	278.484962	111.515038	4.600000	0.000000	390
Antlo1|1427	Antlo1|2245	0.000000	0.000000	99.000000	112.087260	43.912740	4.600000	0.000000	156
Antlo1|1428	Antlo1|1981	0.002567	0.000000	99.000000	390.414419	131.585581	4.600000	0.005760	522
Antlo1|1429	Antlo1|1980	0.003311	0.000000	99.000000	605.381772	270.618228	4.600000	0.006865	876
Antlo1|1430	Antlo1|1616	0.000000	0.000000	99.000000	489.542037	182.457963	4.600000	0.000000	672
Antlo1|1431	Antlo1|690	0.000000	0.000000	99.000000	129.754823	47.245177	4.600000	0.000000	177
Antlo1|1439	Antlo1|558	0.000000	0.000000	99.000000	252.814208	104.185792	4.600000	0.000000	357
Antlo1|1440	Antlo1|557	0.000000	0.000000	99.000000	423.151396	161.848604	4.600000	0.000000	585
Antlo1|1442	Antlo1|2426	0.996405	2.324783	0.428601	1131.182088	365.817912	1.459901	3.963052	1677
Antlo1|1441	Antlo1|556	0.000000	0.000000	99.000000	186.649767	92.350233	4.600000	0.000000	279
Antlo1|2153	Antlo1|51	0.548495	3.372068	0.162658	357.334099	89.665901	0.645900	3.344669	1434
Antlo1|1787	Antlo1|1370	0.000000	0.000000	99.000000	72.538841	29.461159	4.600000	0.000000	102
Antlo1|453	Antlo1|519	0.913635	2.772867	0.329491	701.865240	198.134760	1.255238	3.968834	1128
Antlo1|1978	Antlo1|1074	0.000000	0.000000	99.000000	389.179910	165.820090	4.600000	0.000000	678
Antlo1|1979	Antlo1|578	0.011340	0.000000	99.000000	177.697092	62.302908	4.600000	0.025189	264
Antlo1|1982	Antlo1|2244	0.875744	2.652586	0.330147	686.892267	225.107733	1.371353	3.942959	1059
Antlo1|439	Antlo1|1404	0.000000	0.000000	99.000000	389.135640	147.864360	4.600000	0.000000	537
Antlo1|436	Antlo1|647	0.000000	0.000000	99.000000	195.107174	71.892826	4.600000	0.000000	267
Antlo1|1733	Antlo1|648	0.000000	0.000000	99.000000	90.229874	38.770126	4.600000	0.000000	129
Antlo1|1734	Antlo1|649	0.000000	0.000000	99.000000	84.434417	35.565583	4.600000	0.000000	120
Antlo1|1735	Antlo1|650	0.000000	0.000000	99.000000	426.991070	131.008930	4.600000	0.000000	558
Antlo1|1736	Antlo1|651	0.000000	0.000000	99.000000	93.267578	41.732422	4.600000	0.000000	135
Antlo1|1738	Antlo1|2070	0.000000	0.008032	0.000010	414.831532	125.168468	4.600000	0.005585	540
Antlo1|1739	Antlo1|282	0.000000	0.000000	99.000000	406.033186	148.966814	4.600000	0.000000	555
Antlo1|2430	Antlo1|1043	0.931463	1.516291	0.614303	893.762306	312.237694	2.219956	3.248630	1314
Antlo1|2444	Antlo1|936	1.032609	1.984041	0.520458	657.520675	227.479325	2.083291	3.831491	1122
Antlo1|2453	Antlo1|1728	0.001902	0.000000	99.000000	526.474308	199.525692	4.600000	0.004137	726
Antlo1|2455	Antlo1|2456	0.740484	1.738974	0.425816	546.986985	209.013015	2.015478	3.049616	819
Antlo1|2126	Antlo1|808	0.011012	0.000000	99.000000	366.037252	155.962748	3.654426	0.023166	522
Antlo1|2125	Antlo1|1132	0.039730	0.134447	0.295503	129.286582	41.713418	0.665745	0.188505	282
Antlo1|1937	Antlo1|2423	0.000000	0.000000	99.000000	105.963130	41.036870	4.600000	0.000000	147
Antlo1|731	Antlo1|2561	0.733723	4.248251	0.172712	848.603862	288.396138	1.138752	4.875513	1182
Antlo1|1328	Antlo1|1818	0.000000	0.000000	99.000000	147.820446	62.179554	4.600000	0.000000	210
Antlo1|1820	Antlo1|2596	0.010267	0.000000	99.000000	196.177631	79.822369	2.009384	0.021894	276
Antlo1|1819	Antlo1|2595	0.011021	0.025100	0.439108	91.488186	40.511814	4.600000	0.046026	132
Antlo1|1099	Antlo1|1955	0.125674	0.121999	1.030120	135.443800	38.556200	1.700279	0.374578	195
Antlo1|2081	Antlo1|2463	0.133983	0.375889	0.356443	303.756831	77.243169	0.958020	0.549079	393
Antlo1|2059	Antlo1|2477	0.000000	0.000000	99.000000	130.810414	46.189586	4.600000	0.000000	177
Antlo1|2285	Antlo1|1891	0.009802	0.000000	99.000000	102.811580	32.188420	4.600000	0.022395	135
Antlo1|623	Antlo1|644	0.721262	3.385896	0.213019	286.665570	91.334430	1.707617	4.095315	1134
Antlo1|494	Antlo1|743	0.000000	0.000000	99.000000	75.515926	26.484074	4.600000	0.000000	102
Antlo1|495	Antlo1|744	0.000000	0.000000	99.000000	80.328691	24.671309	4.600000	0.000000	105
Antlo1|496	Antlo1|745	0.000000	0.013936	0.000010	164.410931	72.589069	4.600000	0.012805	237
Antlo1|497	Antlo1|2412	0.012038	0.042454	0.283544	167.544069	48.455931	1.828288	0.056583	1020
Antlo1|1395	Antlo1|425	0.003376	0.000000	99.000000	296.963431	123.036569	4.600000	0.007161	420
Antlo1|1396	Antlo1|426	0.000000	0.000000	99.000000	274.770278	100.229722	4.600000	0.000000	1800
Antlo1|710	Antlo1|544	0.000000	0.000000	99.000000	101.841965	33.158035	4.600000	0.000000	135
Antlo1|2602	Antlo1|2156	0.000000	0.000000	99.000000	380.880926	147.119074	4.600000	0.000000	633
Antlo1|625	Antlo1|792	0.000000	0.000000	99.000000	106.529931	37.470069	4.600000	0.000000	144
Antlo1|417	Antlo1|102	0.000000	0.000000	99.000000	93.492247	38.507753	4.600000	0.000000	132
Antlo1|2482	Antlo1|1032	0.000000	0.000000	99.000000	240.047874	89.952126	4.600000	0.000000	330
Antlo1|2483	Antlo1|283	0.000000	0.000000	99.000000	438.461305	176.538695	4.600000	0.000000	837
Antlo1|2169	Antlo1|1581	0.001818	0.000000	99.000000	550.997710	205.002290	4.600000	0.003974	1116
Antlo1|1101	Antlo1|1698	0.000000	0.000000	99.000000	72.787317	29.212683	4.600000	0.000000	102
Antlo1|1102	Antlo1|1406	0.000000	0.000000	99.000000	111.502953	41.497047	4.600000	0.000000	153
Antlo1|1103	Antlo1|1031	0.000000	0.000000	99.000000	153.366005	53.633995	4.600000	0.000000	207
Antlo1|1408	Antlo1|1607	0.000000	0.000000	99.000000	96.326218	35.673782	4.600000	0.000000	132
Antlo1|2578	Antlo1|1554	0.000000	0.000000	99.000000	184.399257	67.600743	4.600000	0.000000	543
Antlo1|1330	Antlo1|804	0.000000	0.000000	99.000000	235.018736	109.981264	4.600000	0.000000	345
Antlo1|1173	Antlo1|2254	0.000000	0.000000	99.000000	299.362255	111.637745	4.600000	0.000000	468
Antlo1|1603	Antlo1|923	0.000000	0.005560	0.000010	554.322330	180.677670	4.600000	0.004100	735
Antlo1|524	Antlo1|2322	0.119032	0.222307	0.535441	113.647404	45.352596	1.748202	0.445470	390
Antlo1|1672	Antlo1|1388	0.000000	0.000000	99.000000	110.512895	39.487105	4.600000	0.000000	150
Antlo1|1449	Antlo1|169	0.726299	3.918021	0.185374	516.319410	185.680590	1.200476	4.711551	1677
Antlo1|235	Antlo1|630	0.054688	0.048587	1.125577	803.844060	249.155940	2.400755	0.159733	1095
Antlo1|1540	Antlo1|865	0.000000	0.000000	99.000000	401.096147	147.903853	4.600000	0.000000	708
Antlo1|257	Antlo1|379	0.000000	0.000000	99.000000	312.776666	140.223334	4.600000	0.000000	453
Antlo1|203	Antlo1|1529	0.000000	0.000000	99.000000	126.746815	35.253185	4.600000	0.000000	162
Antlo1|1401	Antlo1|1446	0.000000	0.000000	99.000000	238.657503	85.342497	4.600000	0.000000	369
Antlo1|1112	Antlo1|2399	0.078028	0.095296	0.818793	572.014148	156.985852	3.026412	0.245239	840
Antlo1|2130	Antlo1|600	0.000000	0.000000	99.000000	204.359645	86.640355	4.600000	0.000000	399
Antlo1|2129	Antlo1|333	0.000000	0.000000	99.000000	142.847659	52.152341	4.600000	0.000000	195
Antlo1|1895	Antlo1|1192	0.000000	0.000000	99.000000	216.474550	80.525450	4.600000	0.000000	465
Antlo1|831	Antlo1|350	0.771461	4.842970	0.159295	659.122985	204.877015	1.499760	5.210767	984
Antlo1|833	Antlo1|1013	0.000000	0.000000	99.000000	169.388444	64.611556	4.600000	0.000000	234
Antlo1|848	Antlo1|2279	0.000000	0.000000	99.000000	98.703876	33.296124	4.600000	0.000000	132
Antlo1|858	Antlo1|629	0.000000	0.000000	99.000000	94.184057	37.815943	4.600000	0.000000	594
Antlo1|615	Antlo1|1628	0.000000	0.000000	99.000000	87.690626	26.309374	4.600000	0.000000	399
Antlo1|616	Antlo1|1627	0.000000	0.000000	99.000000	144.868656	50.131344	4.600000	0.000000	195
Antlo1|2256	Antlo1|222	0.657726	4.187876	0.157055	765.910050	266.089950	1.414016	4.703809	1146
Antlo1|1081	Antlo1|1878	0.000000	0.000000	99.000000	114.025937	47.974063	4.600000	0.000000	162
Antlo1|1087	Antlo1|167	0.002571	0.006428	0.400016	389.683105	156.316895	4.600000	0.011027	546
Antlo1|1089	Antlo1|2212	0.699445	1.978428	0.353536	300.974733	92.025267	2.026331	2.996798	423
Antlo1|1091	Antlo1|2474	0.000000	0.000000	99.000000	382.929594	154.070406	4.600000	0.000000	597
Antlo1|1092	Antlo1|2473	0.002670	0.000000	99.000000	375.250506	146.749494	4.600000	0.005757	522
Antlo1|1956	Antlo1|1489	0.024615	0.033551	0.733643	330.574378	122.425622	2.586112	0.081089	1257
Antlo1|2528	Antlo1|30	0.000000	0.000000	99.000000	103.922161	43.077839	4.600000	0.000000	147
Antlo1|1123	Antlo1|1686	0.001721	0.000000	99.000000	581.862877	213.137123	4.600000	0.003778	1176
Antlo1|362	Antlo1|1805	0.005138	0.000000	99.000000	195.293677	77.706323	4.600000	0.011027	273
Antlo1|866	Antlo1|1391	0.000000	0.000000	99.000000	191.941453	75.058547	4.600000	0.000000	1059
Antlo1|2515	Antlo1|1477	0.000000	0.006873	0.000010	357.832940	146.167060	4.600000	0.005980	1203
Antlo1|1473	Antlo1|132	0.000000	0.000000	99.000000	639.276629	233.723371	4.600000	0.000000	873
Antlo1|1474	Antlo1|131	0.000000	0.000000	99.000000	77.111875	27.888125	4.600000	0.000000	711
Antlo1|483	Antlo1|229	0.005227	0.000000	99.000000	191.995117	78.004883	4.600000	0.011150	606
Antlo1|1796	Antlo1|490	0.000000	0.000000	99.000000	362.025353	174.974647	4.600000	0.000000	537
Antlo1|1947	Antlo1|332	0.000000	0.000000	99.000000	94.544882	37.455118	4.600000	0.000000	132
Antlo1|2289	Antlo1|507	0.000000	0.000000	99.000000	443.652869	201.347131	4.600000	0.000000	759
Antlo1|368	Antlo1|1386	0.000000	0.005468	0.000010	461.448479	183.551521	4.600000	0.004668	645
Antlo1|1402	Antlo1|810	0.000000	0.000000	99.000000	281.341276	114.658724	4.600000	0.000000	1014
Antlo1|1012	Antlo1|832	0.019785	0.041271	0.479397	196.915267	79.084733	4.600000	0.077824	711
Antlo1|2422	Antlo1|921	0.000000	0.000000	99.000000	260.168238	105.831762	4.600000	0.000000	366
Antlo1|2316	Antlo1|1141	0.000000	0.000000	99.000000	349.075893	139.924107	4.600000	0.000000	489
Antlo1|2317	Antlo1|1918	0.010604	0.027787	0.381605	95.341799	36.658201	4.600000	0.046128	132
Antlo1|2500	Antlo1|2592	0.000000	0.000000	99.000000	203.275540	87.724460	4.600000	0.000000	291
Antlo1|357	Antlo1|442	0.000000	0.000000	99.000000	194.868866	90.131134	4.600000	0.000000	2262
Antlo1|1418	Antlo1|643	0.000000	0.015161	0.000010	128.221558	66.778442	4.600000	0.015576	639
Antlo1|1700	Antlo1|1640	0.000000	0.000000	99.000000	345.831235	122.168765	4.600000	0.000000	795
Antlo1|665	Antlo1|2138	0.000000	0.000000	99.000000	118.295074	37.704926	4.600000	0.000000	156
Antlo1|71	Antlo1|872	0.005440	0.005533	0.983175	553.598704	181.401296	4.600000	0.016389	2766
Antlo1|1795	Antlo1|723	0.000000	0.000000	99.000000	250.713205	97.286795	4.600000	0.000000	348
Antlo1|2400	Antlo1|2137	0.000000	0.000000	99.000000	242.654867	96.345133	4.600000	0.000000	366
Antlo1|168	Antlo1|1822	0.000000	0.000000	99.000000	171.363644	68.636356	4.600000	0.000000	240
Antlo1|1517	Antlo1|55	0.000000	0.000000	99.000000	205.332987	73.667013	4.600000	0.000000	600
Antlo1|816	Antlo1|1033	0.006165	0.000000	99.000000	325.746289	19.253711	4.600000	0.017463	345
Antlo1|1516	Antlo1|1279	0.000000	0.000000	99.000000	223.641291	88.358709	4.600000	0.000000	615
Antlo1|1845	Antlo1|955	0.001727	0.000000	99.000000	1159.548388	442.451612	2.083597	0.003750	1836
Antlo1|1111	Antlo1|732	0.000000	0.000000	99.000000	239.312307	84.687693	4.600000	0.000000	324
Antlo1|2268	Antlo1|1804	0.000000	0.000000	99.000000	353.155863	120.844137	4.600000	0.000000	612
Antlo1|786	Antlo1|1400	0.000000	0.006567	0.000010	357.047476	152.952524	4.600000	0.005908	510
Antlo1|787	Antlo1|1324	0.000000	0.000000	99.000000	243.306332	101.693668	4.600000	0.000000	345
Antlo1|1859	Antlo1|999	0.000000	0.006156	0.000010	430.885618	163.114382	4.600000	0.005071	594
Antlo1|406	Antlo1|2128	0.000000	0.003750	0.000010	731.657497	267.342503	4.600000	0.003011	999
Antlo1|981	Antlo1|639	0.738718	3.647522	0.202526	527.541186	129.458814	1.147331	3.935652	1242
Antlo1|508	Antlo1|2353	0.617402	2.046570	0.301676	915.263392	293.736608	1.598924	2.893891	1272
Antlo1|33	Antlo1|560	0.000000	0.000000	99.000000	113.186749	36.813251	4.600000	0.000000	150
Antlo1|2288	Antlo1|1807	0.037517	0.000000	99.000000	109.881491	58.118509	6.331968	0.073615	774
Antlo1|1337	Antlo1|968	0.000000	0.000000	99.000000	529.747934	196.252066	4.600000	0.000000	726
Antlo1|2163	Antlo1|1577	0.000000	0.000000	99.000000	235.802618	100.197382	4.600000	0.000000	336
Antlo1|1649	Antlo1|564	0.000000	0.000000	99.000000	152.992874	63.007126	4.600000	0.000000	216
Antlo1|975	Antlo1|1858	0.000000	0.000000	99.000000	228.843503	116.156497	4.600000	0.000000	345
Antlo1|2489	Antlo1|846	0.000000	0.007770	0.000010	305.637488	129.362512	4.600000	0.006932	1275
Antlo1|2074	Antlo1|1813	0.009904	0.000000	99.000000	101.763352	33.236648	4.600000	0.022397	135
Antlo1|1065	Antlo1|1704	0.000000	0.004313	0.000010	583.450958	232.549042	4.600000	0.003687	999
Antlo1|525	Antlo1|2390	0.000000	0.000000	99.000000	87.913232	41.086768	4.600000	0.000000	129
Antlo1|1642	Antlo1|1234	0.000000	0.000000	99.000000	310.592919	130.407081	4.600000	0.000000	831
Antlo1|1226	Antlo1|187	0.686062	1.954715	0.350978	385.354946	121.645054	1.999325	2.971353	588
Antlo1|1230	Antlo1|1075	0.000000	0.000000	99.000000	455.033464	192.966536	4.600000	0.000000	648
Antlo1|1237	Antlo1|1016	0.451514	1.873860	0.240954	754.678686	232.321314	1.119228	2.358923	1032
Antlo1|1238	Antlo1|2466	0.000000	0.006112	0.000010	411.728301	164.271699	4.600000	0.005230	645
Antlo1|1239	Antlo1|2467	0.018333	0.000000	99.000000	110.477039	36.522961	1.938863	0.041335	168
Antlo1|1372	Antlo1|24	0.000000	0.000000	99.000000	80.933238	21.066762	4.600000	0.000000	102
Antlo1|2587	Antlo1|2241	0.000000	0.009842	0.000010	284.730823	102.269177	4.600000	0.007803	423
Antlo1|2589	Antlo1|1482	0.000000	0.000000	99.000000	117.313061	50.686939	4.600000	0.000000	168
Antlo1|449	Antlo1|2539	0.002389	0.000000	99.000000	419.193586	177.806414	4.600000	0.005033	597
Antlo1|450	Antlo1|2540	0.000000	0.000000	99.000000	127.666654	55.333346	4.600000	0.000000	183
Antlo1|2542	Antlo1|414	0.000000	0.000000	99.000000	221.793008	87.206992	4.600000	0.000000	309
Antlo1|2544	Antlo1|2362	0.000000	0.000000	99.000000	150.970771	47.029229	4.600000	0.000000	198
Antlo1|2556	Antlo1|1521	0.004063	0.000000	99.000000	246.784781	98.215219	4.600000	0.008719	345
Antlo1|933	Antlo1|1684	0.032447	0.174718	0.185709	189.127608	32.872392	0.564470	0.160540	1416
Antlo1|1366	Antlo1|1313	0.000000	0.000000	99.000000	148.154747	91.845253	4.600000	0.000000	240
Antlo1|2047	Antlo1|1052	0.000000	0.002698	0.000010	831.638050	371.361950	4.600000	0.002498	1203
Antlo1|1416	Antlo1|315	0.006651	0.000000	99.000000	151.030661	52.969339	4.600000	0.014771	813
Antlo1|404	Antlo1|405	0.647037	2.105137	0.307361	633.753996	197.246004	1.404504	2.979394	849
Antlo1|1950	Antlo1|805	0.004093	0.000000	99.000000	735.190293	314.809707	3.637346	0.008598	1239
Antlo1|561	Antlo1|2295	0.213916	0.320885	0.666645	1324.056980	442.943020	3.254232	0.722191	2340
Antlo1|562	Antlo1|271	0.000000	0.000000	99.000000	134.936219	48.063781	4.600000	0.000000	183
Antlo1|563	Antlo1|664	0.000000	0.000000	99.000000	279.525898	131.474102	4.600000	0.000000	411
Antlo1|1309	Antlo1|2060	0.000000	0.000000	99.000000	248.220601	90.779399	4.600000	0.000000	339
Antlo1|36	Antlo1|754	0.000000	0.000000	99.000000	122.758419	30.241581	4.600000	0.000000	153
Antlo1|738	Antlo1|2372	0.000000	0.000000	99.000000	224.914490	81.085510	4.600000	0.000000	306
Antlo1|1010	Antlo1|1037	0.000000	0.004247	0.000010	552.856856	236.143144	4.600000	0.003813	1299
Antlo1|1879	Antlo1|2585	0.060042	0.051817	1.158739	148.434506	70.565494	9.143456	0.172175	219
Antlo1|1880	Antlo1|1030	0.085382	0.075668	1.128386	102.404002	38.595998	2.074047	0.248169	342
Antlo1|461	Antlo1|1942	0.000000	0.000000	99.000000	120.290002	44.709998	4.600000	0.000000	165
Antlo1|462	Antlo1|989	0.000000	0.000000	99.000000	94.683930	25.316070	4.600000	0.000000	120
Antlo1|463	Antlo1|988	0.000000	0.000000	99.000000	74.958116	27.041884	4.600000	0.000000	102
Antlo1|464	Antlo1|987	0.000000	0.000000	99.000000	77.703987	30.296013	4.600000	0.000000	108
Antlo1|1827	Antlo1|2170	0.000000	0.000000	99.000000	494.245126	177.754874	4.600000	0.000000	1245
Antlo1|1840	Antlo1|92	0.823029	2.471629	0.332991	1357.379398	409.620602	1.526338	3.615608	2463
Antlo1|2038	Antlo1|728	0.000000	0.000000	99.000000	183.188063	65.811937	4.600000	0.000000	249
Antlo1|157	Antlo1|420	0.000000	0.000000	99.000000	155.649667	60.350333	4.600000	0.000000	216
Antlo1|2271	Antlo1|1824	0.000000	0.009073	0.000010	291.116845	110.883155	4.600000	0.007508	402
Antlo1|2272	Antlo1|2520	0.000000	0.000000	99.000000	146.545900	66.454100	4.600000	0.000000	213
Antlo1|2275	Antlo1|1826	0.000000	0.000000	99.000000	331.684255	133.315745	4.600000	0.000000	2190
Antlo1|2176	Antlo1|1842	0.807879	4.180581	0.193246	945.485445	263.514555	1.104078	4.628987	1794
Antlo1|942	Antlo1|2509	0.000000	0.000000	99.000000	213.487641	77.512359	4.600000	0.000000	507
Antlo1|943	Antlo1|2510	0.000000	0.000000	99.000000	310.449449	112.550551	4.600000	0.000000	873
Antlo1|1940	Antlo1|1128	0.026646	0.035804	0.744217	76.398552	28.601448	4.600000	0.087423	105
Antlo1|1941	Antlo1|991	0.006264	0.000000	99.000000	160.306256	64.693744	4.600000	0.013389	225
Antlo1|2100	Antlo1|2167	0.000000	0.000000	99.000000	91.074571	31.925429	4.600000	0.000000	492
Antlo1|2411	Antlo1|2214	0.000000	0.000000	99.000000	135.239157	47.760843	4.600000	0.000000	183
Antlo1|330	Antlo1|2594	0.006883	0.015779	0.436198	145.956339	64.043661	4.600000	0.028788	210
Antlo1|1564	Antlo1|220	0.000000	0.000000	99.000000	93.804636	29.195364	4.600000	0.000000	123
Antlo1|1567	Antlo1|589	0.814936	1.881477	0.433136	517.590784	163.409216	1.454622	3.212574	921
Antlo1|1129	Antlo1|106	0.247693	0.267759	0.925061	337.418725	115.581275	2.885307	0.758439	573
Antlo1|2402	Antlo1|1974	0.000000	0.000000	99.000000	464.627530	177.372470	4.600000	0.000000	2091
Antlo1|2118	Antlo1|1899	0.230750	0.299837	0.769584	214.653364	76.346636	1.358487	0.746627	309
Antlo1|1685	Antlo1|2371	0.722898	0.917284	0.788084	716.342757	255.657243	1.389899	2.322077	1143
Antlo1|733	Antlo1|1808	0.000000	0.000000	99.000000	239.948546	93.051454	4.600000	0.000000	333
Antlo1|957	Antlo1|129	0.754043	2.056177	0.366721	1469.609893	471.390107	1.474023	3.210835	2427
Antlo1|431	Antlo1|467	0.125438	0.223192	0.562020	173.353029	60.646971	1.553550	0.452321	675
Antlo1|1902	Antlo1|2558	0.788899	4.532942	0.174037	1429.456576	421.543424	1.282998	4.924682	2646
Antlo1|1346	Antlo1|381	0.003580	0.009983	0.358577	280.163750	100.836250	4.600000	0.015824	381
Antlo1|755	Antlo1|2205	0.701340	3.510388	0.199790	342.174211	107.825789	1.434789	4.123272	510
Antlo1|620	Antlo1|1244	0.000000	0.000000	99.000000	129.654267	56.345733	4.600000	0.000000	186
Antlo1|59	Antlo1|2490	0.000000	0.000000	99.000000	259.596370	109.403630	4.600000	0.000000	369
Antlo1|2112	Antlo1|70	0.000000	0.000000	99.000000	408.113273	140.886727	4.600000	0.000000	969
Antlo1|797	Antlo1|472	0.000000	0.000000	99.000000	704.374116	288.625884	4.600000	0.000000	1890
Antlo1|95	Antlo1|1621	0.008980	0.000000	99.000000	336.352535	137.647465	4.600000	0.019117	474
Antlo1|713	Antlo1|2030	0.712623	3.666819	0.194344	455.167157	132.832843	0.968312	4.139982	2394
Antlo1|719	Antlo1|680	0.001795	0.000000	99.000000	557.815922	210.184078	4.600000	0.003912	768
Antlo1|114	Antlo1|552	0.008559	0.000000	99.000000	117.508963	50.491037	4.600000	0.017959	168
Antlo1|1625	Antlo1|2366	0.000000	0.000000	99.000000	773.252340	279.747660	4.600000	0.000000	1683
Antlo1|1850	Antlo1|862	0.002287	0.000000	99.000000	438.087555	167.912445	4.600000	0.004959	1224
Antlo1|637	Antlo1|1181	0.932524	1.721215	0.541782	640.654483	217.345517	1.666866	3.396936	1110
Antlo1|434	Antlo1|305	0.000000	0.000000	99.000000	425.381792	165.618208	4.600000	0.000000	2787
Antlo1|80	Antlo1|2152	0.000000	0.008576	0.000010	305.733960	117.266040	4.600000	0.007133	423
Antlo1|2069	Antlo1|1737	0.000000	0.000000	99.000000	266.108302	105.891698	4.600000	0.000000	1098
Antlo1|348	Antlo1|2373	0.000000	0.000000	99.000000	540.553752	215.446248	4.600000	0.000000	756
Antlo1|349	Antlo1|2374	0.000000	0.000000	99.000000	394.259374	148.740626	4.600000	0.000000	759
Antlo1|2311	Antlo1|867	0.000000	0.000000	99.000000	156.315911	56.684089	4.600000	0.000000	213
Antlo1|2231	Antlo1|1124	0.000000	0.000000	99.000000	266.054577	105.945423	4.600000	0.000000	372
Antlo1|2232	Antlo1|1125	0.002561	0.000000	99.000000	391.205694	139.794306	4.600000	0.005659	531
Antlo1|1663	Antlo1|1154	0.002870	0.000000	99.000000	349.259822	139.740178	4.600000	0.006149	489
Antlo1|1312	Antlo1|1201	0.003860	0.000000	99.000000	259.749104	91.250896	4.600000	0.008569	351
Antlo1|877	Antlo1|658	0.000000	0.000000	99.000000	334.433103	127.566897	4.600000	0.000000	462
Antlo1|1639	Antlo1|1724	0.000000	0.000000	99.000000	217.405786	70.594214	4.600000	0.000000	288
Antlo1|584	Antlo1|2042	0.000000	0.005872	0.000010	354.035220	170.964780	4.600000	0.005737	993
Antlo1|547	Antlo1|2061	0.002150	0.000000	99.000000	465.966341	212.033659	4.600000	0.004432	678
Antlo1|790	Antlo1|1898	0.011609	0.000000	99.000000	86.941777	36.058223	4.600000	0.024617	123
Antlo1|2513	Antlo1|262	0.000000	0.000000	99.000000	312.288819	128.711181	4.600000	0.000000	771
Antlo1|2219	Antlo1|1593	0.007678	0.000000	99.000000	130.905060	49.094940	4.600000	0.016752	180
Antlo1|712	Antlo1|614	0.000000	0.000000	99.000000	83.899758	27.100242	4.600000	0.000000	432
Antlo1|1287	Antlo1|438	0.003138	0.000000	99.000000	319.482514	121.517486	4.600000	0.006819	2220
Antlo1|359	Antlo1|179	0.000000	0.000000	99.000000	204.213293	77.786707	4.600000	0.000000	282
Antlo1|360	Antlo1|395	0.000000	0.000000	99.000000	462.096667	191.903333	4.600000	0.000000	654
Antlo1|361	Antlo1|394	0.000000	0.000000	99.000000	412.618521	184.381479	4.600000	0.000000	597
Antlo1|178	Antlo1|2222	0.000000	0.010854	0.000010	234.198557	92.801443	4.600000	0.009241	897
Antlo1|408	Antlo1|322	0.000000	0.000000	99.000000	111.287426	44.712574	4.600000	0.000000	1353
Antlo1|281	Antlo1|2581	0.000000	0.000000	99.000000	124.190473	46.809527	4.600000	0.000000	171
Antlo1|5	Antlo1|1863	0.000000	0.006285	0.000010	374.231194	159.768806	4.600000	0.005642	534
Antlo1|726	Antlo1|1608	0.000000	0.000000	99.000000	138.481771	53.518229	4.600000	0.000000	222
Antlo1|2189	Antlo1|2062	0.000000	0.000000	99.000000	500.341366	195.658634	4.600000	0.000000	696
Antlo1|735	Antlo1|1583	0.000000	0.000000	99.000000	73.110306	28.889694	4.600000	0.000000	102
Antlo1|538	Antlo1|1196	0.001519	0.000000	99.000000	658.983838	259.016162	4.600000	0.003271	918
Antlo1|318	Antlo1|1957	0.004748	0.000000	99.000000	211.280101	91.719899	4.600000	0.009932	423
Antlo1|418	Antlo1|427	0.008660	0.005566	1.555725	464.681323	180.318677	1.911564	0.023385	645
Antlo1|488	Antlo1|29	0.000000	0.000000	99.000000	97.320075	34.679925	4.600000	0.000000	132
Antlo1|2379	Antlo1|1550	0.000000	0.000000	99.000000	313.039750	124.960250	4.600000	0.000000	438
Antlo1|2078	Antlo1|189	0.000000	0.000000	99.000000	142.416137	61.583863	4.600000	0.000000	204
Antlo1|274	Antlo1|2007	0.000000	0.000000	99.000000	338.154155	126.845845	4.600000	0.000000	2439
Antlo1|2459	Antlo1|1039	0.000000	0.000000	99.000000	355.041364	142.958636	4.600000	0.000000	2253
Antlo1|311	Antlo1|1998	0.002368	0.006196	0.382195	422.941372	162.058628	4.600000	0.010286	585
Antlo1|1715	Antlo1|685	0.000000	0.000000	99.000000	344.170770	138.829230	4.600000	0.000000	1182
Antlo1|1329	Antlo1|1712	0.015250	0.022638	0.673649	1115.517275	501.482725	1.904873	0.052625	1884
Antlo1|1823	Antlo1|2522	0.000000	0.000000	99.000000	136.351743	43.648257	4.600000	0.000000	180
Antlo1|2361	Antlo1|2543	0.000000	0.000000	99.000000	232.947083	88.052917	4.600000	0.000000	900
Antlo1|1292	Antlo1|2120	0.000000	0.000000	99.000000	220.992143	73.007857	4.600000	0.000000	1206
Antlo1|1693	Antlo1|1694	0.582653	3.492454	0.166832	1224.974317	377.025683	1.703810	3.802396	1662
Antlo1|481	Antlo1|1182	0.056205	0.119981	0.468453	401.800531	138.199469	1.014476	0.217581	1395
Antlo1|482	Antlo1|2037	0.000000	0.000000	99.000000	376.782705	148.217295	4.600000	0.000000	1203
Antlo1|1713	Antlo1|1783	0.143171	0.186000	0.769737	174.217115	62.782885	0.922653	0.463550	312
Antlo1|2099	Antlo1|1018	0.000000	0.000000	99.000000	222.698910	80.301090	4.600000	0.000000	1044
Antlo1|2194	Antlo1|1110	0.000000	0.005648	0.000010	458.283358	177.716642	4.600000	0.004735	1065
Antlo1|2186	Antlo1|223	0.000000	0.000000	99.000000	393.487587	167.512413	4.600000	0.000000	1494
Antlo1|1532	Antlo1|1717	0.000000	0.000000	99.000000	228.531567	86.468433	4.600000	0.000000	315
Antlo1|2101	Antlo1|1222	0.000000	0.000000	99.000000	291.756140	116.243860	4.600000	0.000000	945
